
myjump = 9
-20 3 3 3 3 
-4 -16 8 2 -11 
myjump = 8
3 3 -20 3 6 
-1 -8 11 7 -4 
myjump = 7
8 16 -23 8 8 
-3 1 -2 -6 14 
myjump = 10
10 -19 10 -9 10 
-22 20 -12 2 3 
myjump = 3
-19 4 4 4 4 
-10 -3 14 -19 6 
myjump = 8
8 -15 8 8 -7 
14 -20 4 -1 8 
myjump = 8
1 1 1 1 -23 
-9 11 11 -19 1 
myjump = 5
10 -9 10 -9 10 
8 -4 -10 -7 20 
myjump = 3
2 -23 4 4 2 
-12 4 6 4 -15 
myjump = 3
7 -13 7 -13 14 
-13 -3 -2 8 6 
myjump = 5
10 -9 10 -9 10 
-12 10 10 -12 10 
myjump = 7
9 -8 9 -8 9 
-15 16 -11 7 2 
myjump = 3
6 6 -17 6 6 
-10 12 -6 -4 -6 
myjump = 7
1 1 1 1 1 
10 8 -2 -4 7 
myjump = 5
9 9 -17 9 9 
-12 2 -3 2 2 
myjump = 1414812758
1 1 1 1 1 
3 1 13 -11 -9 
myjump = 1414812758
10 5 -24 5 5 
-13 21 -19 4 4 
myjump = 8
9 9 -8 9 -17 
6 -2 14 2 -11 
myjump = 10
9 9 -17 1 9 
-5 7 -4 -16 15 
myjump = 5
2 2 2 2 2 
-16 -1 9 -3 -9 
myjump = 1
6 6 -17 12 6 
-12 2 1 1 2 
myjump = 1
-20 7 7 7 -20 
-6 5 5 2 2 
myjump = 4
6 -17 6 6 -11 
2 -4 -1 -15 7 
myjump = 9
6 -23 6 18 -23 
-4 10 -9 13 -6 
myjump = 9
-20 7 7 7 -20 
-13 18 -8 -7 4 
myjump = 8
1 1 1 1 1 
4 15 -2 5 -9 
myjump = 4
1 1 1 1 1 
2 -3 -1 9 11 
myjump = 5
-17 9 9 -8 9 
-12 -4 3 7 -3 
myjump = 3
7 7 -13 7 -6 
19 -4 -2 -5 6 
myjump = 1
4 4 -19 4 4 
-12 6 -2 4 -17 
myjump = 10
-19 10 10 -19 10 
-5 19 -8 -14 5 
myjump = 6
-19 10 10 -9 10 
9 1 -7 12 -14 
myjump = 10
10 -9 10 -8 1 
5 -10 12 -1 -9 
myjump = 1
8 -15 16 -7 8 
13 6 -13 -2 13 
myjump = 1414812758
6 6 6 -17 6 
7 -11 -10 7 1 
myjump = 10
1 1 1 1 2 
-14 -8 9 15 -13 
myjump = 10
5 -19 5 5 5 
15 -13 -10 14 -11 
myjump = 1414812758
9 -17 9 9 -17 
8 -14 9 -8 -8 
myjump = 10
8 -15 8 8 -23 
5 -8 10 -9 -9 
myjump = 6
10 -9 10 -9 10 
10 -13 6 -5 1 
myjump = 1
7 7 -13 7 7 
13 -7 -10 -3 5 
myjump = 10
-9 10 -19 10 10 
-13 18 -21 15 4 
myjump = 10
2 2 2 -23 2 
-3 -3 -8 10 -8 
myjump = 5
6 6 -17 6 12 
3 -5 10 -19 20 
myjump = 10
10 -19 10 -9 10 
5 -9 20 -19 16 
myjump = 10
10 10 -9 -9 20 
-4 -18 20 -9 10 
myjump = 3
5 5 5 -9 5 
16 3 -23 6 -1 
myjump = 6
8 -23 16 -7 -7 
-13 14 -21 16 1 
myjump = 8
1 1 1 1 1 
-10 9 -12 9 -2 
myjump = 1
5 -14 5 5 10 
17 -15 11 -5 -4 
myjump = 4
8 8 -15 8 -7 
7 -10 -10 17 -10 
myjump = 3
7 7 -20 7 7 
-1 14 -15 14 -20 
myjump = 8
2 2 2 2 2 
-4 16 -7 -3 -4 
myjump = 4
-19 8 8 -19 8 
-13 8 8 -19 4 
myjump = 1
7 7 -13 7 7 
13 6 -7 5 -2 
myjump = 1
5 -24 5 5 -4 
13 -5 -14 2 8 
myjump = 7
3 6 3 3 3 
-2 -8 -1 22 1 
myjump = 3
2 2 4 6 2 
-4 6 -1 -15 3 
myjump = 9
6 6 -17 6 6 
13 2 -19 14 -3 
myjump = 7
4 4 4 -19 4 
-15 19 -6 1 3 
myjump = 1
1 1 1 1 -24 
-12 10 1 -18 13 
myjump = 2
-15 8 8 -23 8 
-8 -10 15 4 -17 
myjump = 1
-20 3 3 3 3 
-12 -5 10 1 -15 
myjump = 5
5 5 5 -14 5 
-12 -1 17 -19 -2 
myjump = 5
8 -15 8 8 -7 
4 14 -19 10 3 
myjump = 1
5 5 -19 5 5 
13 4 -19 21 -5 
myjump = 10
4 4 -15 4 4 
5 2 -12 -8 15 
myjump = 7
1 1 1 1 1 
-2 19 -20 5 14 
myjump = 2
10 -9 10 -19 10 
1 -17 15 -12 1 
myjump = 6
8 8 -7 8 1 
-2 3 12 -4 -12 
myjump = 4
5 5 5 -14 5 
3 13 2 -21 5 
myjump = 4
10 -9 10 -9 10 
14 8 -12 -7 -1 
myjump = 6
4 -23 4 4 4 
9 4 3 -11 -4 
myjump = 3
8 -15 8 8 -15 
16 -8 -13 7 15 
myjump = 1414812758
16 -15 8 8 -7 
-12 -1 7 2 8 
myjump = 4
4 -23 8 8 -15 
2 -11 8 8 -19 
myjump = 6
-23 4 4 4 8 
15 -22 14 6 -11 
myjump = 3
6 6 -17 6 12 
8 2 -18 6 16 
myjump = 5
1 2 2 1 1 
-12 2 -6 20 -10 
myjump = 6
8 8 -23 8 16 
-3 1 -14 3 14 
myjump = 1414812758
6 -23 6 6 6 
8 -21 8 -5 12 
myjump = 2
5 -14 5 5 5 
-20 5 16 -10 5 
myjump = 6
4 4 4 4 -11 
5 11 -9 -4 16 
myjump = 8
9 9 -17 9 9 
12 1 7 -11 5 
myjump = 8
1 1 1 1 1 
-4 9 -18 11 9 
myjump = 6
1 1 1 1 1 
9 1 3 -20 8 
myjump = 3
-19 5 5 5 -19 
-1 14 -23 6 15 
myjump = 5
7 7 -13 7 7 
17 -14 5 -4 -10 
myjump = 6
-17 6 6 6 -17 
-2 11 1 -9 2 
myjump = 4
3 -23 3 3 3 
-5 14 -3 -3 8 
myjump = 1414812758
4 8 -15 4 4 
15 -12 -5 20 -16 
myjump = 9
-19 5 5 5 5 
-13 1 2 15 -8 
myjump = 5
6 -17 6 6 6 
-2 -5 -14 5 -4 
myjump = 8
4 -23 4 4 4 
-4 14 -21 2 7 
myjump = 7
7 -20 14 -6 7 
-2 -4 13 -8 9 
myjump = 2
4 -23 4 4 4 
1 -2 6 -13 11 
myjump = 1
4 4 4 -19 4 
13 -21 4 -2 12 
myjump = 9
10 10 -19 10 -9 
-3 7 9 -8 -11 
myjump = 5
8 8 -15 8 8 
17 -23 1 1 8 
myjump = 2
1 1 2 2 1 
